E         : 3.1424947916666652
V         : 2.146499979166665
V from pi : 32.296888156922535
time      : 27.802ms
