E         : 3.1879999999999997
V         : 0.24655999999999983
V from pi : 0.26809641800836914
time      : 0.32800000000000001ms
