E         : 3.142935999999998
V         : 2.526131904000006
V from pi : 40.43073793486952
time      : 12.404ms
