E         : 3.1226666666666834
V         : 0.13380266666666718
V from pi : 14.535157956961234
time      : 23.626999999999999ms
