E         : 3.1431040000000046
V         : 2.8866211840000013
V from pi : 43.590811398971645
time      : 14.225ms
