E         : 3.1419119999999925
V         : 26.945426559999724
V from pi : 26.946446381296415
time      : 286.22500000000002ms
